-0.2707123230673205,-2.89515194739026
0.25052781572357197,-3.9251999652780767
0.567143660285906,-4.040180216082938
-0.15367595145793744,-2.210148189653181
-1.2262158464418542,-3.9480069877134585
-0.5696539419300647,-3.9771502146977724
-0.7706317111835508,-3.033711291453486
-1.03285924516613,-1.857572623316847
-0.6097780076874727,-1.5305836131233297
1.4926788367383332,-2.292874772110782
-1.8584902566516113,-4.370623771128105
-0.33010638792060293,-4.515289945872205
1.2000601858215505,-4.822619143420841
0.26938454136355156,-3.4464243756471875
1.1143136000921545,-4.3808025981775
1.0154245175554326,-2.775918716712297
-0.6445511142707021,-2.338468339632306
1.292964845138368,-3.895312045308466
-0.5683106531193177,-5.111618357922506
-0.818307718724611,-3.962383612330446
0.12450167299913595,-2.891491305286928
-0.43930126301557987,-3.713560373221012
0.9341809592297068,-2.9413444676834075
1.609714279427906,-2.140093256169342
-0.9852030368738226,-3.9583683207781135
0.44910865087027835,-3.9424625600410472
0.15890944733702717,-2.611924383097526
0.43733776340401437,-2.581770448825729
-0.7321849929469287,-4.428282966236802
-2.0092173540052913,-3.233439582852503
1.8039523690390284,-4.948670660022758
1.3678510116580451,-4.858739421184189
-1.2339507276949715,-3.5075697635372416
1.4071714981571437,-3.9410970527102838
0.8735047328229838,-1.8648998062488227
1.1659844009871128,-2.950785507666373
0.5109467426852569,-2.3687006096513175
0.8877020658357981,-2.942348363332009
-0.32954443801464717,-5.83207868700464
-1.1825536618371966,-3.054846020087809
1.2483518300090026,-0.4896570843319745
-0.17133645921100252,-3.4580551375004913
-1.3387815189303793,-1.679937078030088
-1.409329277109643,-4.098297219607405
-0.4867510608120249,-4.000970560034476
1.773876785213478,-2.4442169492962775
-0.5487119717073534,-1.919984245595919
-0.7524335847542489,-1.84120503196349
0.7508713298353078,-4.262712693042902
-0.7907005345100035,-3.1707888483145026
-1.6193853576734865,-2.3571053359147554
-0.634126569392933,-3.561482871535659
-1.0255654746720237,-3.254552710547795
0.39617609548263455,-2.483306898864506
0.751489942818948,-1.851120992571935
0.2386198739520693,-3.751177305088837
0.3106640084718299,-4.081209224458366
0.03649759963418086,-3.294448868764895
-0.2708711787807264,-3.1288584452929955
-1.0182214432801908,-4.917968747414896
-0.38294502933780133,-1.363644451840583
-1.5035742761418662,-3.0114092022175787
0.7602182672823448,-2.5053819580708403
0.08958526633919711,-3.3346244790761945
2.3605509509668674,-2.389739775727291
1.1074250071922123,-2.07084653405185
-0.8982336798590711,-2.70308359322115
1.2974201134031518,-2.7169525528130043
-0.19181926005991753,-3.7884036595078143
0.43176590775676266,-2.9409033094303543
1.4708581214650762,-4.554218047610206
0.2726268613063043,-3.565683404545409
0.7047222019298798,-2.5404315984653083
0.8754836314218116,-1.9544303495586242
-0.024925844850866286,-4.172228053410864
0.4150201978628383,-3.145557892516016
0.6211956446548983,-3.6724937073875727
0.6701335325890445,-3.4955442592943617
0.6697002010538351,-3.093982537279804
-0.03796215232648539,-2.9871443528158887
-0.9231839799987424,-3.6717594481874025
0.5426823179995655,-2.671234917878672
-0.24763668909956896,-3.377502756937726
0.2602190943667162,-4.483839193663842
-1.103835015051469,-1.9275660331193396
2.3653449019710013,-2.249094076272105
-0.08686455053166216,-1.7849844447441805
-0.7631423070165321,-2.669763202057866
1.482018289804353,-2.8732215977566473
0.6100638491175329,-2.5392778157459337
-1.2346050916631395,-1.529203346668347
-0.308096810023185,-2.60169977408256
0.7318976031388524,-3.9664301947397305
0.6412625703265226,-2.936944086867472
-0.7499448654601595,-2.64969372449988
-1.2057908507722264,-4.190786371240604
-0.24572777213956917,-4.933938717923782
2.964322341547117,-2.0751495961517366
0.9731281131769022,-3.7287713877833997
0.29701855961528917,-2.448018805476204
-1.4514260313790903,-2.346886091019802
-0.24936290320345106,-3.050115738658591
-0.3846092728137074,-2.849501091841664
1.1276996432273982,-2.1091106453178403
0.7526909822086194,-3.6518287235879745
-0.0036262146317470214,-3.78810595648129
0.3290747820176642,-3.2861322897774987
-0.2062026072700407,-4.143690479892152
-2.342345059199993,-2.484972885027022
-0.4882597651673479,-3.1225045947717485
0.002969092388616738,-4.495777869323622
0.8955655584610688,-1.917191516757973
-1.1113113399848615,-2.1854890475001008
-0.7407307206501484,-0.5913677502232098
0.511888933907735,-3.2127489807991476
-1.745144417100865,-4.688498834282096
0.9879394540939755,-3.426687301647771
-0.4786008092214832,-2.443360728625896
1.0849390786915856,-2.3499315496763886
-0.45639555075124966,-2.7546899631882584
0.21820995405923288,-2.809298285476926
-1.3924809415460706,-2.011585491530606
-0.18745960471692302,-2.3824642135650587
1.37758006454433,-1.794721851060014
-1.4662420987732656,-2.0537507273689966
-1.1052019896192515,-1.787615139793381
-0.7180203794788271,-1.2016852565291198
-1.28297756704866,-3.0040166256829637
-0.07160869391260646,-5.091473910804389
-1.0183430762865098,-3.3479524970206063
-0.39153844545463146,-2.796749334379407
1.3851813858231947,-2.47559538623586
0.8847174575081148,-4.163100693565032
-0.14611312365010945,-4.092299597184888
-1.2416416652615667,-3.345730159478634
-0.5215128477029289,-2.8329934019203145
-0.7524042107507272,-3.55730067120629
-1.4872468443093432,-2.8846588941234
-1.4519129176720982,-2.0784358799370173
0.19732744938801589,-3.1517365426329365
-0.8669707011895302,-3.308563538932781
0.7650575140900558,-4.958185058516182
-0.14014208243985907,-4.2068003836360095
1.9527915444428114,-3.84442927415523
-0.7071598771751231,-3.2540220518189935
0.3560519727578052,-5.091030349608211
0.08252101470280089,-4.10079784728936
-0.9547770460900706,-2.0036179436029764
0.23861673437703926,-2.9288585671143124
0.1464168350266939,-2.477070331530533
-1.0993446116563845,-2.092653654242435
0.9839481970910812,-3.2751664457692247
0.46751186346998025,-3.7702339705881505
1.1171871348463112,-3.5109713669694926
1.4348823395217591,-3.313904165229707
1.5149824087319164,-2.519704730210588
0.06462340786313342,-2.9441370232625586
-0.9064858281769598,-3.5069095866702864
0.9175535097921539,-2.6707165931135224
-1.421640323836508,-1.9531138059265298
-0.31668593252740185,-3.2028664675918224
1.3661366931147365,-4.1515627930775825
0.04134689171412845,-2.1946682093211014
-0.7288777704089411,-2.661215331227889
-1.3175777847866772,-3.2207633584953874
-0.2783655763756289,-2.6368721047417836
-0.07696202599428126,-4.007369350628443
0.15883969280169663,-3.7068965548109976
0.012455920079951676,-2.2464492518178956
0.6973236361848344,-3.449206184886341
0.08787832429636278,-2.368155127621077
2.162956798251012,-2.5672527137416763
-1.1103801990060433,-5.023618319202338
1.8531471220191533,-0.8854600601993803
0.29020614197842104,-2.31160877435285
1.6818899767789168,-2.4495791673850014
2.6855713822029483,-3.3570527136302437
1.1285645438275032,-3.017679001687311
0.5406332673186238,-3.5315171456686123
-0.6824907378226902,-2.4406887254761473
1.0913430430490556,-1.0867578615465685
-1.816138959092325,-1.9337778244139638
-1.1255777583872453,-2.4419775498271763
1.2329211900508743,-2.9077939092798064
-1.9440872507967593,-3.9127994228984746
-0.48518180966322083,-3.614969142396614
-0.07639790533809339,-2.9528790253163972
-1.0966119001373518,-4.026402618841445
1.3265075855088833,-1.537818044324071
-2.0276266059421473,-2.7725141921434866
1.203027638875525,-3.1588807993013956
-0.5446064499907795,-1.7308650152743408
-0.8051999870104509,-2.1112886073402706
0.1502250723613281,-0.5931960803856455
0.8638023675405522,-3.1786446682285217
0.7545496101597545,-1.9089632899010853
0.9571499771204477,-2.6009945091381828
-1.8813220671612414,-3.681112133562219
1.0100521645851828,-2.1776916248993348
-0.5565111209239338,-3.5126108374999925
-0.5579139367982905,-2.815915175686359
-1.5157324728320745,-4.339333203153203
0.40122723959548784,-3.8266730098298916
0.3661648777591109,-1.446244932695527
0.18264123265128848,-3.6365307919471195
-0.13095050982958256,-3.1300329956197457
0.8639427593145034,-3.111880487321584
-2.0172291488204475,-3.612588557559623
0.2671504118880349,-2.4809062520229173
0.8758479850086596,-2.203690206592816
-1.6929378180559524,-2.3845671819554033
-2.0766143269765798,-2.8748274410943653
-1.0739706069153199,-2.3357104509414888
0.2853232879076996,-3.559155216203755
-0.3719534349076947,-3.295810724738752
1.0395927736045696,-3.4904128165467445
-0.9639000363109297,-4.391360925367952
0.5712987095291981,-4.198590784130808
-1.8773894976713337,-2.6600396071275667
0.6913761880897952,-2.250734185167941
-1.9450761750449617,-1.8251958925123921
0.29101957283042146,-3.1164110170357944
-1.0129398610241567,-3.103779943941521
1.5017580594997124,-3.677509118597689
-0.7745353486535078,-2.7773951729676485
1.013181933868304,-3.0848764464226313
-1.2813265395784978,-1.3734776505946837
-0.28975051424155274,-3.6289990430928705
0.1250750774321893,-3.0947843628707368
-1.1577948333392463,-4.85180062633151
-1.2744988641172383,-2.070628959503091
-0.31284643628993314,-3.04667041762051
0.5549512572923412,-3.739511378065205
0.00802254800072516,-2.4838478661797616
-0.4645431842316022,-4.674284002482515
-1.0628561696474579,-1.9471235472335962
-0.4867285718769641,-3.5746924929031305
0.7499895774683326,-2.2095450876554192
-1.08291948331241,-3.7124054424259043
-1.4374437823194797,-1.5904684714390989
-1.0779014068835229,-1.5524170227577725
0.7830777411095012,-3.966402511768899
-0.3727514017744262,-2.758805683822079
0.5545890208152734,-2.468347422445121
-0.4536365443978159,-2.7864789445354785
-0.4463124922235104,-1.8586283021344017
0.2207290873445712,-3.809398394050021
-0.3618771530288367,-2.9886796196927143
-1.433011673719295,-1.5529136044299041
0.35317521840856114,-3.4147124690948862
0.06960133964335942,-4.7041914572314205
-1.652195665828967,-3.0102962130557573
-0.5172611966583357,-4.207156178119437
-0.4129044441607053,-4.25356142955419
0.8389148459537797,-4.467292808954668
-2.2798306611674106,-4.193082560546901
-0.011500253189605032,-3.1374184932568268
-3.4053771531647543,-2.408236848353713
0.9824186446050697,-1.7900016076129854
-0.3876001769498842,-2.650704286553261
0.966993026767683,-2.837610661800295
1.7314044585918251,-3.094656628783916
0.34718628325228246,-4.3026577650606725
-0.2531865324933142,-3.2067351745041943
-2.6920849798989743,-3.9217744428910253
0.7732671457638126,-2.9524208200043516
0.6242604189554017,-3.8880472863423705
1.6366861776232147,-0.9784052106114167
0.2635850900609883,-3.434433011763226
-0.8428328682431975,-2.6319209400637824
0.7233568910818532,-3.8508882051487268
0.3624833124077104,-3.8950832118835215
0.3632943415691057,-4.00134695707592
0.3922264651352225,-3.226067946181279
0.0706192886320016,-0.9005837451267422
-2.520202167638496,-2.717927704098667
-0.47602639671485975,-4.347717670888464
0.8730414035157728,-3.3406469786351547
0.15463345072721382,-2.6152014986211922
-0.9493943845676682,-1.410364533216944
0.9890327181197354,-1.9582779689559617
0.7933266854134775,-2.648894841459566
-0.047631186476390946,-4.198396030405104
1.6332712284306583,-2.490828671982718
0.2879084127736477,-2.4664614767473676
-1.0125527567743793,-2.7140518405966887
1.232189079462181,-2.035584005831057
0.36567998789330747,-2.621412848598748
-0.6272080396142681,-2.4753736337542085
0.5835376085152086,-3.1476096023965336
-1.2987320388566683,-3.3846283125676018
0.5553195220296449,-0.8407043581048632
0.580889286508823,-3.911374990278329
0.96448042145222,-2.0385590635517437
-1.8840278639124306,-3.178357703648852
1.9799354557910414,-4.232553658616524
2.4557247503016075,-4.235778816469441
0.199825464463696,-3.09306214373727
-1.547612919053991,-2.4796684501302217
0.817034397064252,-2.9371773251253
-2.1088347595501893,-2.3189503380398766
0.0125937077136803,-4.317300641499676
0.0930727369076682,-3.433519666910742
-0.92823733367323,-3.79545699471585
-0.2398916903838998,-2.0287138736573125
0.857289064871374,-0.952581120726891
-0.678050432274217,-4.458698631367028
-0.16522068541386403,-2.3551732615007492
1.0701626733714449,-3.2432887959295646
-0.034420123050164446,-3.0668594491778096
-1.7330573297466807,-3.430920860557806
0.8849758094497848,-2.3564361279171733
1.4149322731598404,-3.2547344381582564
1.198339216094645,-3.643353224239836
-0.020728922645923086,-1.6089711771741027
0.9297228861649163,-3.5412369736734712
-0.19397737392617745,-3.7683934299711774
1.0003072989760076,-3.371355745628506
0.6625724800071291,0.019235707570129268
1.3517756295036365,-1.7100817119468732
0.13038371635150836,-2.919943178526977
0.2048801445645838,-3.605478316402907
1.147679287390403,-3.778307360259083
-1.8118612960612182,-2.7352495938166834
0.39713538818368044,-1.5770291429172405
-0.4929672631266463,-1.951327813263203
1.10373916758181,-3.601917366404658
-1.8007067704139428,-2.1039643429231734
0.2933624428788612,-4.216482375595946
-0.29604860732127836,-2.576223560487367
-0.46091983462309155,-4.160825537771332
-0.038958792989319535,-2.67702601640657
0.3266631111802224,-2.629706984072376
-1.068271933614976,-3.289288742671803
-0.20709852099317722,-2.5553155739238544
-1.8235675155517184,-4.135527215444314
1.0842305235575789,-3.264717363241908
1.1403800799026016,-3.022836431596836
-1.2046084081392907,-2.880342535839282
-1.4385191517576297,-2.317703316037095
0.8962601980240548,-2.979413996184068
-0.5838500611377542,-4.9474318357075155
-0.26634399997547975,-2.2525594152268495
1.1225683679634109,-2.519654456456071
-1.6812395679334047,-4.091134146192356
0.7702761456579621,-3.5033452917056085
2.11376298139678,-1.9612656130852193
1.454241848036969,-2.8343420559994748
1.5289951263044035,-4.438143924384432
-1.5296192648912412,-3.8790962413764056
0.45582179336795814,-3.103570669304979
0.18095340906591692,-3.1811232808157137
-0.6929087460693262,-3.792056735406377
1.06515400158234,-4.364026788479599
0.832882140404621,-5.631920572970028
0.8515909346066715,-3.417985208150839
-0.39818367932288956,-2.3768321396317247
0.6577400905938949,-4.315425516835036
0.20718270476729042,-2.821237172528255
2.4877953009179796,-3.9387586459930817
0.8092782286495614,-3.2573864823496943
-0.6747405779970616,-3.939446102682954
0.3397514261410555,-2.3354514077691784
-0.5316621510480979,-3.0598039210740384
0.3791693005996917,-2.4097203620559204
0.01574030761012784,-4.744867046957278
0.027871867543946396,-3.430653225248678
-1.0706317619988537,-3.421804287399414
-0.07527253615024886,-4.242857210833815
-1.4173795464157042,-2.536980874432654
2.015697603968053,-2.9347226448160364
0.99667351629844,-2.5113430744951555
0.6533995823379807,-3.5393653159759944
0.10697880859169433,-4.209426411724208
0.16522503283692444,-2.7704169111195487
-0.693440190101544,-3.8867994346880144
1.0682230166894475,-2.654912462212864
-0.6702284243346464,-2.8641024602063605
-0.11621378285494678,-2.6289235334224617
0.19393376766941917,-2.764361601845565
0.6456722421326146,-3.500792636018897
-0.053775110921859444,-3.0769331862486293
1.63826036436924,-3.6093155437494477
-0.13770129352399868,-2.8368239928758094
0.04526507493019837,-3.112805911866399
0.304705845324023,-2.7428831280281822
0.9265395072863654,-3.418136249862489
-0.5904343202918787,-2.6692872524128517
1.6882388824937145,-4.255503446632606
0.46567801694809385,-3.277874622065205
-1.518456522295012,-1.0595266657463984
0.408059297295553,-3.1575932259845487
-0.9458700806738083,-3.3046924722861455
-0.2165608719534202,-3.031815724496859
1.4451792841161428,-4.008843183393555
-0.8460471423272495,-3.6276209448794647
-1.9870473137201965,-1.9295314785417212
-1.8865366497530236,-3.6355121803842936
0.36784138010130507,-1.9531913905739524
0.5763904029793381,-1.8932399182617776
0.9447267185474617,-4.430927230854394
2.1451303579800625,-2.1473890965608535
-1.168957825671957,-3.5824612629419024
0.6566717939544305,-2.08173170888124
-0.43966479415465093,-2.9067317229163665
1.5127081104051046,-3.333368633723039
-0.2843440042228673,-4.413802496587376
0.08770264540799426,-4.193823441908238
-0.5749168567389932,-3.2517628886272023
-0.06655481243139562,-3.9838368815612597
0.23001146666639008,-3.244611953524679
-1.1279380832580617,-2.7042796637496562
-0.41502018412634883,-2.7153329790549754
2.21055274422419,-4.245071895037263
0.6058979392879609,-3.7079418371119153
1.3400268073325943,-3.5377567450056135
1.8358088653725542,-1.3583180218546917
-0.77083502782039,-3.510484741032294
0.10993441575772345,-3.8156682221577656
0.4628925074336184,-1.797112166470804
0.5782813501840541,-4.212222601448675
0.7986055979399079,-3.2943441851888964
0.6943752943732594,-2.4454354745007474
0.21977648876545244,-1.271338047390225
-0.8242762064896785,-3.3790308233038204
1.020041981559775,-2.971181553678592
0.26495550903444365,-4.968443899935231
-0.15118788042339987,-2.7310347569789064
0.7286705883980256,-0.1944493146034283
-0.5480536541151649,-1.8804069982435272
1.8729287456643062,-1.6666413897565762
0.14979542564122783,-2.361372470663743
1.3394405427809748,-5.2117633101342395
0.11750992349528577,-5.147616962903241
-1.6299008364965866,-1.013364363817478
-0.47537914476561954,-3.2489886957457097
-0.14709389711179013,-3.248331968653259
0.9378542396128319,-3.8772655972396333
0.5420933748643892,-3.9498291221921757
-0.5443333168301925,-2.7888415146302212
-0.3018030690782295,-2.841921127258356
0.5284374865388358,-4.172735808980772
0.7707886858254241,-4.8613527909787635
-2.1042264247402307,-1.4279814664383685
1.3532637540449997,-1.1086870650709606
-0.7714526469338837,-1.7994054233189103
-0.20851777168798658,-2.8957171312404215
-0.7176584318812546,-5.070828554206449
-1.9189135042135042,-4.257813461796934
-1.1161433928422337,-4.193417119052212
-0.3889753163526754,-2.055058043191015
1.4139045626958733,-1.1869392911743168
-1.0741783233283493,-2.8763147445373973
-1.3514763415877618,-3.082804501356481
0.27248625142794974,-2.01430264278713
1.4528162635254644,-4.499253369812482
-2.3236057031063586,-2.6978706818801053
-1.2635455899545602,-3.707923787173599
-1.3061077345327563,-4.183436703721342
0.1261411203339264,-3.2514286266957524
1.1138949585817586,-3.3589553730548696
0.22328303075731784,-3.230491430144804
-0.2109289567239471,-1.0278833310487274
-0.4965316110450053,-4.592212384412382
0.34939587187384236,-2.7896376110787537
-0.4683712814631773,-1.8276831958899467
0.7111584291668928,-3.6809360337164625
-1.642343344176516,-1.5766927322695528
-0.9431302146596692,-3.903953694726484
1.3330745458854578,-4.545912944519471
0.3841930818691077,-2.8550584180195053
0.14101866086212517,-2.827719869113759
0.2997567240385977,-2.9992786512305147
-1.225600876063123,-4.320702050932081
1.2641289392436057,-4.614697240882554
-0.45876007565992205,-1.5268593409103555
1.147362947456649,-2.1300176791893164
0.3568001551356836,-3.4101317783488523
-1.1532796980289266,-0.8330368778157657
-0.17747938164077376,-3.512736296770105
1.361047243700949,-4.074313522954935
-0.3741405022166431,-4.941152485373591
-0.44868727209526843,-4.051698700625959
0.593758662399853,-2.5525587901293285
0.24706598257395468,-2.761738695204915
-0.6629138492483397,-3.4137068452259562
0.11342842788850195,-1.992074339730204
0.22009084118697916,-2.951067568366656
0.20351868720504443,-2.3423807610325817
-0.10451974254691597,-4.421111439233982
0.2171783166903451,-3.472817761068336
-0.008537920104160995,-2.4598495062237764
1.6077085130149313,-1.71706778071351
-2.317081125200867,-3.367978643111794
-1.4297743079431626,-1.525526065802668
0.6685995448581417,-3.9537671863475365
-0.16728918361639755,-3.497994079020908
0.6093797865124118,-3.2525486969290087
0.3813963424770773,-2.499013961845528
-0.5542646132474053,-3.55914737659604
-0.6013061534510843,-3.2225516813894655
0.716712276057767,-4.02032595607145
-1.5662634083023956,-2.005279893646937
1.4211112966640163,-1.540972010343538
0.7434386842209731,-2.8352204926660702
0.6795405285489445,-2.891947268438014
1.199863763093249,-4.212600912213251
-0.9427914520142517,-1.8575685068057546
-0.48284199011502676,-1.8863476277125324
-0.20576093372757695,-1.3331030598835707
0.6958775688434403,-3.0241371274428612
1.6697422828378101,-2.5310232806233626
-1.251475689164411,-1.5869753260157244
0.6335427436509836,-3.5669057812037526
0.530691087772159,-3.891621874730051
-1.0244329870911189,-3.5829339001294174
0.06704538455075157,-2.2519039980501434
-0.004821196033457706,-3.024956076853141
-1.9561894049997661,-2.7295124370359964
0.5440708406436677,-3.93443937186248
1.902182056517496,-2.7233820077406787
-0.46955481320995207,-5.555140480580631
0.3660406424686354,-2.933244539573386
-0.3798493609782378,-2.8030467940330137
-1.050684420656652,-1.8721711791887623
-1.1563678822467536,-2.706862877900903
-0.015272817069534374,-4.4250327674700465
-0.5554407564133318,-2.420650643410739
1.2793090886205867,-2.8840309086457796
0.14266001625265662,-5.346980432061684
1.5643512744874184,-4.329156980182708
-0.7329097986018622,-3.450287215097456
0.15709437180715827,-2.2101476256489834
0.2570275143593645,-4.957394247502696
0.17116860700303255,-3.4205876698153825
-0.9170986728513958,-2.633491534918985
0.5778654592297897,-2.0892214618207516
1.926330803942787,-3.4337436617853743
-0.6688008553610598,-4.06586573879128
0.19669401520258634,-3.403821394322766
0.20233620220789572,-3.3782716561424033
0.4049351732976249,-2.212041716366866
1.2157495462495593,-2.7047056141039967
-0.038733855161535644,-2.7888645324676875
-1.8353344337531288,-2.3976658867106955
0.067363646694212,-3.331444119636812
-1.6004988618511709,-5.38964001097826
-0.25602171608953067,-2.5879861999787113
-1.5667260113117423,-3.3773244210404467
-0.10889560670190541,-4.0364594054150675
1.214084754331161,-0.6242513238988789
-1.216827373927233,-3.2975249986237123
0.5123368627421241,-4.190029799651135
-1.2340198630161179,-5.265076848185906
0.1600299012020293,-4.081686785952484
0.7634176702692842,-1.4375390964717774
1.3270214152748594,-2.7119591966065615
-1.4713421851350217,-5.939962980909757
-2.170256752256791,-2.429143572172057
-0.8407912973975566,-3.2192321649155184
0.09928798854690107,-2.364913798251906
-0.0436504444116873,-3.7866705598107004
-0.5084806012128044,-4.875235472575278
-1.8832863959361656,-2.620140333702366
0.8112337411125835,-2.416442560012172
0.8920546155818632,-4.253563116757217
-1.7071531664529698,-2.9498848784092706
0.036250468092907454,-2.24627259360215
-0.6245925001594443,-2.656328429475213
-0.8791872695493447,-2.632942398519109
-0.7078041179899431,-2.7500238466526596
-1.7112663486934332,-3.275012909699502
-0.05430918811518017,-4.80002543421221
-0.3770509760378422,-2.8357160293767194
1.184112274502147,-3.2708740575797046
-0.67660298727659,-3.319502544197896
0.6483927947277112,-3.0328855377191606
0.7573771914997753,-3.8239420324694553
-0.5567199378417844,-2.9631825865726875
-0.05232971578875189,-2.157474333394412
2.094931049990716,-4.12164286320123
1.506762889079206,-3.203888143642596
-0.8410160759326493,-2.5261541499104996
2.0971577760003166,-0.9396864700871368
0.7713721446502062,-2.774106397698549
-0.3727399550851357,-2.8930672252398737
0.1510627804072435,-2.745454826940623
0.08449523806512951,-4.374233300091767
1.6616488801096445,-2.3158461417559657
0.11161443472688325,-5.14282948668562
-0.1188340529098851,-1.649306306632729
-0.7189019527868007,-2.4595857810018202
-1.2427552740755201,-2.125281537497625
0.3367192699370298,-3.666233963184574
-1.583802941921111,-2.976822761784211
0.10074225257115822,-0.839530212131328
1.0536319670379928,-4.880591447921271
0.0643458675293652,-1.4681719351444635
-0.6717869301792273,-2.466298936451453
-0.12586632942626622,-1.6475130797861937
0.28945506232018753,-3.1162685160742862
-0.47491691429388233,-2.851463651649648
-1.8235230295183587,-1.644598827744728
-1.1514006583011065,-1.4020458625026575
1.4635666644689906,-2.0487944372520515
-0.530098964147084,-2.918203991664572
1.1406609556189127,-3.6278243536041597
0.4138782055648339,-2.327438500597329
0.694929388064165,-4.004147957609404
-1.4300661742864589,-4.384093124755723
0.6764006815323774,-3.2198946038756993
-0.04172332860010224,-3.7541148906186854
-0.7297344523579534,-2.9560159516102797
-1.3634985066572247,-2.6325366199074973
-2.74354785011915,-3.782417121479547
1.116664729102331,-1.1999545512404026
-1.4286721218007379,-3.9658399955629635
0.1400473699113595,-4.3097322717197795
1.3632652153120415,-1.3974276888286472
-0.4415248851289413,-2.6131476206457567
0.9363950697852603,-4.829565163038877
-0.010417450843033749,-3.01445511280741
-0.5237705140029731,-2.942368285571422
-0.3349476367306925,-1.6794944646568593
-0.37258323460526827,-2.6312070880623084
-0.6977669633005702,-2.3477521750033628
0.5609737711959489,-2.857205574799311
-0.05820649172576181,-3.453137548646542
0.038796866299749495,-0.7786710407553645
-0.7201548550915101,-1.335850401611263
2.248472007792242,-3.0087325259243083
-0.34477411061330904,-3.4471883522550133
0.6687677787761015,-1.1752308002317358
-0.23642179262644358,-2.4035436155400145
-0.05864762810041573,-5.033078482321802
0.5981638241548513,-1.3612620477857442
0.6047301669563534,-2.303194250698646
-1.0915418445445702,-3.2476384566559826
0.8744739997779637,-1.241085180545671
-1.7434784679030755,-1.3881723402975223
-0.3087771157665634,-2.6064214376777346
-2.5098845973464643,-1.771881900759929
1.6001243159255372,-4.64266118619917
-0.11753295104969076,-2.670591008797527
-0.6555298088335936,-4.116368204904665
-0.8197679671333576,-2.290512277439807
0.6991990356842331,-4.239921917346966
0.24608089344733128,-5.349951983900409
-0.050694637663820666,-3.6314687765610048
-0.7514983113217298,-3.3281603317714237
-0.550735250768347,-2.2915430604099436
-0.3632653801431047,-2.4305327207195506
0.42470220631789235,-2.3632171334353123
-2.462594067183047,-1.7756823455108024
-1.7048808089740126,-2.257128164120573
-2.042509257077956,-3.5404162693486185
-1.1653626967565047,-2.2147776483122654
-1.8419742531234522,-3.7369224107527765
0.9392097501292245,-3.6840693470044266
0.27062706151420085,-3.1009967892017185
-2.6351737751823228,-3.518438513210304
1.7196270110669707,-2.21436999350247
0.8839223201714292,-1.9840866423295063
-0.05780093616575241,-3.6720441982622263
0.8442979513010437,-4.689368159550963
-0.6249421280063099,-2.1531642893086484
1.413139592273848,-3.7467180495221952
-0.16216757958563743,-1.2858552444684341
0.23047777397217079,-3.9401196297632657
0.15088376413294305,-2.686535613699364
1.64183280603494,-3.2861148839339096
0.06520116676123248,-4.779318232059285
-0.03646366811670462,-3.548956130489149
-0.265692186014625,-1.1738980799499583
0.6630711909477263,-2.906490798993734
-0.2204357344305079,-1.8498564226433785
-0.22875974824917775,-2.9994079945377776
0.5781651609016868,-4.217803275615857
1.3944997680229574,-1.3463773123519458
1.7307779348275019,-0.6842108580973831
-0.3018547524977949,-2.973626353874786
0.8051246944995634,-2.9019608365617655
0.9921033007597703,-2.374383627620446
0.14892766175920505,-1.6681437639514662
1.6458218046293518,-3.6665469485463804
-0.362920934611837,-3.3895435187366187
0.744114782455884,-3.146064190282424
0.1545200615642013,-3.4899328087130637
-1.5466540396450785,-2.2297412404470793
-0.9580305218694527,-2.309921935748817
-2.024853308729273,-2.757610345519904
-1.3735270168888696,-2.8364616019946096
1.772281161989875,-2.9538842194839985
1.273906802796104,-4.658490229578385
-2.250716382111669,-3.311686161188688
1.9626136602526465,-2.373541536435064
1.2535109879619477,-2.830686756683389
1.287793931278359,-2.966391316110441
-1.0445103416484782,-3.9096512335922258
-1.4960095902197428,-2.516147982149111
2.586094901940556,3.1395246039409646
5.059300996189632,3.3235210174671788
2.984662395701175,4.260802121920049
4.0555577489621655,3.466619625879522
1.8587115550250404,2.228171198778737
2.033335858598632,3.063731210633782
0.8294344635316997,5.047790172085037
2.136382246385991,1.9962620559215847
3.572095449309442,2.8512406026525783
3.826959880699863,1.1012442583677284
2.375196970833178,0.16083152857483585
2.3511915840181983,4.259631978292737
4.618033423398766,4.795597056732376
0.07989926673782621,4.250889166045251
3.288744461106254,2.8260999837600767
3.8029953971647124,2.7186749732911593
4.671319805925277,3.4859700050020503
5.1918635849426895,1.9479696430787035
3.224008635380826,3.8078209102055087
2.4745443943750547,2.550523783827207
2.0601919085333016,3.3121141947601305
3.5410219470282494,1.9511403811222126
2.489796926640021,2.711973747553611
1.3674855307916525,2.8357075927228896
4.674611952457645,3.008365937149571
3.9187990133160318,2.8184779060316294
2.271844894168614,1.2095745020927926
2.9667440174135877,3.6981867305730294
1.7337951238611826,3.19072117912594
3.6301611086585606,1.8490663277592927
4.880912795093597,4.0846990435376656
3.057113099158197,2.133486560641049
2.715106467376842,3.379942903909133
2.8654448538979587,2.322174633918179
2.695361506631273,3.308879775238139
2.5591892572327426,3.975184022238283
3.825971041307142,3.6977634882256503
3.1952931110390925,2.526503240280926
1.3902993755117885,3.7944886515656093
2.5155393041155145,3.911434430963762
3.1675240498673713,3.9610322837996197
3.08654275459631,2.195987386848625
3.4391091840010843,2.481994458975389
1.2082641418661064,3.557622870822547
2.950909199109213,5.240585937039588
2.4925311253756797,2.4203447243056395
3.438343945751506,2.281457419646683
3.4088145355072275,2.3230196136850965
3.807961536559162,4.061091649712415
3.259650412453593,2.948669694943834
2.2381484675488292,2.7024401942802356
3.0242088075647655,2.5430812190238745
2.9970123393895918,4.231863609819445
4.240147388851982,2.933071971944006
3.370254071792169,3.5704647876878646
2.7632725007314844,3.901627439611742
4.2331650543034645,4.517493454756507
2.295718603652249,3.407083884473947
3.5404465406943295,3.130964039436071
2.032820190920182,2.643063468122568
4.270379500093334,3.103493871876437
2.314715570539131,3.3904776139459476
4.06880726617688,3.8327210100912477
3.9136665437853937,3.746908814917812
2.2027337700091993,2.277298606753588
3.1630474733558196,1.554249277743828
2.7618702249413234,4.145972992682726
3.620191061175454,2.537736916425561
3.778627304648142,3.05347527759176
3.134960376960203,2.3580972801554854
1.457093497524435,4.897114783011528
1.8965267565337713,5.386116134927509
2.642507403015962,1.7265233893309315
2.177825813348242,5.112861265434046
4.563596943027912,2.324639394819024
1.9687512931552118,3.5934459899839557
3.9602995032307415,2.630012347374372
4.231449606119898,2.6119193184033267
2.096446422272276,3.74477283958739
3.6652058953702595,3.6930189562541056
3.2697502320230534,4.57579447050976
3.3129162339249234,3.669492243060821
2.3971438074346763,2.753699617408458
3.1034862193497634,1.6307542851490717
2.483461983519531,2.7530568324553935
0.7986371444205878,3.837574894101242
4.212009582044807,2.6451527875185223
3.455569527907596,4.763497658809706
2.8949319601965833,2.848518634633763
3.3228915428054115,3.682817272298795
2.631455934889185,2.3994833452648807
1.9543947213589343,1.4150976545970282
4.139034104496945,5.186077926775724
4.303292065712984,3.3606089585330117
2.704562325946993,2.0801348048487682
1.8099648914264383,2.2789851271777537
2.6602801738862802,3.1142515102186725
1.648582823850864,2.644951615057493
4.053379594645429,1.4336865726888104
3.9000003541645056,1.6095740684267477
1.0144834494059276,4.276547769160988
3.6183154381881026,4.857340951511717
1.9646215052509293,4.907522929176095
3.901777951383208,1.460207652664226
0.5951869578669644,5.152097858274888
2.5565108122301843,3.4700374196439077
2.2176999277800884,2.5570987013574094
2.6075223031699517,4.61771434730732
2.556226873676029,3.4174899182311975
2.9790644808191433,1.8644616203651039
3.052991755565788,2.4618468784770675
3.228550053546485,1.1855230529000715
2.258226181353789,1.5956402499050668
1.6552974681947634,1.9780555234746606
2.9138642007216,2.0445362536377756
3.6745563791269467,2.093305971469864
4.858233914027723,1.9359792879625763
4.328129495595653,3.16669757038826
3.1944986325267353,5.757720945406305
4.042909153255445,1.991936606479905
2.1614134030661596,4.436130788331003
3.838075614811029,1.9870872800821082
3.0011128362642667,2.6803354735685603
5.415535876245334,2.6382111929073444
2.32436849959928,3.269738863505493
1.9152371779906976,2.893922551143008
3.911625851912568,1.9169983501903174
3.8336078824515822,4.206375466206723
3.618257296998644,3.0629685302028866
3.0018267126564764,0.3993833221012917
2.2019468778046027,2.836212445052348
2.8024480441022632,1.7902621313594798
3.58281981292391,2.8958756320127663
1.6925758136340396,2.1753836678890894
3.2105872076196986,1.602936231290456
2.0259296725878673,4.257684426520738
1.4590288666412718,3.000438671941745
4.571725610068559,3.3379011177332094
1.5431363538441374,5.212246781892831
4.39935950807342,2.823029377498724
3.9922914529805515,3.78689255402504
1.8798803823658654,3.631507063502762
1.7482117551245067,1.349181425317448
3.237100160104469,2.848278276601313
5.090697532598099,4.5813594472376336
2.2029568942105486,3.955487911009895
2.578283330639218,2.4341160768767995
3.4624787908665953,3.6949512268293083
1.6944252633689658,3.5394548139299635
1.9048337380168123,5.164545028679685
3.0642345093533567,2.6977687001584663
4.315690433696938,5.529141610759138
2.8353783675532602,1.5052503577415985
2.4380489837512407,2.8036006631742456
3.0173715859569783,3.2048045726633267
1.898563528559732,2.3506735721886542
3.003061419739486,1.2329741327717585
3.7566785192297036,2.0329161552938215
4.1995167321837545,2.563112909153946
0.3310734127172381,3.895970000862164
2.229263878789123,2.867252802900693
3.3723512820715085,4.295519161605396
5.190968438613958,2.6575218550814803
1.3151256983416824,2.166578134926393
5.928981590796301,3.637632155057364
4.5832107078382585,2.420977104266531
2.597987892931857,2.5890606216031995
2.771344807970976,0.7687471400317154
4.026486577269183,5.132926549561647
1.2454493297738867,2.5767847147185443
2.207687577423097,2.0158409052585857
2.0142369908990476,1.6407224626231187
3.4727670487446027,2.061966738051887
4.34276702634546,3.1311609213628615
0.7824749215856523,3.5932233483888436
3.4683733568188195,5.186467451524658
2.6501389846592316,1.9267520069992778
3.4827382292226092,3.682948090931041
1.67661067942132,5.488423455001932
4.540910696541394,1.672346747558773
2.9329782438807515,3.169066942139536
3.465008157304303,3.3785556487739044
3.883312487323227,3.966852540784009
3.4349471387220576,3.4717852925401917
3.654502939071002,1.4291296025004196
2.5858394000642924,2.6766470369094124
2.8234063428876413,2.1661357770749405
2.8055029050324185,2.6514606187682492
4.562361725599926,3.543718247530667
3.3596988519048243,2.0755264989136992
4.630496016958497,3.3013955869739826
4.447575552772261,2.34831694572699
4.986977761063819,3.7763859344764015
1.164321504024353,2.980679624579522
4.565593108589294,3.8603761547945625
2.5971775667151435,2.3813216290323966
2.605717165925183,2.1679004810429885
4.100735750981491,4.13964555596457
3.142926575055113,2.397570051793068
2.1893067283805876,1.4768281151022304
2.9354606258342892,4.908167277041604
2.7425846059686267,2.760594341063301
3.9114591528424496,2.916769924446005
3.940697116663264,2.3701990245193856
5.632410477650454,3.2286626100275417
2.251415461335683,0.9347109505681135
4.261574464945827,3.4552972797162362
2.874989577854981,3.3440690001366438
3.990364174949968,1.9614954457973424
3.4243597297109556,3.9218766425005116
3.6459087166106583,2.410166494495477
2.9422326439912405,3.2869732415106556
2.5240702174864884,3.0351411909855264
1.5204237521626236,1.4875809397152147
2.7649722484818726,2.403147525191041
3.73472488026579,2.938098263046681
2.1821640349655453,2.061579588334705
1.3757859374735113,2.973026985724612
2.2073376507231677,1.5777267296726276
1.7630992334191211,2.030599320480005
2.9777197176554537,3.276877018669024
0.8709217243821858,2.793048360114955
1.6470667690021488,1.9387913823152676
3.7494892401773674,2.7638679695163546
4.082316649056154,3.6742890108796793
2.4324303459377945,2.584074437002974
2.3995545321628207,3.604513097119942
1.6163933753455153,4.0186621989382765
3.3286636373074368,3.4703379934251104
4.838061697268275,2.9454340296222212
1.5039559223423355,5.540719547345313
2.3064129637949784,1.6757317775097065
4.336624154022488,3.837622157039969
2.719758903048618,2.7651798241389725
4.768251027530716,4.164526103324154
2.9374358587152525,3.862613265480568
1.8452884286684905,4.0359818108164776
2.960919976881575,3.496811835908296
3.5391102086809356,2.9950016184562167
4.001855749329215,2.7626134732055734
1.4765171996020612,2.7959105161434756
2.2816781285773304,2.999755142517807
3.1777577085714035,0.13919387454026522
2.9135239114474736,1.3108872140118906
3.1143831190720523,4.190851261886465
5.3918809745631116,2.357527155729376
1.7625272847711786,3.715042400748325
3.9848493908303055,2.0137429383451377
3.267876450471985,1.7991256547067875
4.745564569362203,2.9527819403300115
4.1177989207343835,2.9018312030974736
3.1776144399853496,3.7752862816966894
4.861413716450846,2.580916443177421
4.102373327093099,2.9994032090467524
2.557741320702885,4.193823346903136
2.9835801959513804,3.0410461895811496
2.2624720255778428,3.3074003697613454
3.075089214924877,2.5482432830883277
2.9868801539450325,3.5326919017634726
3.9700786251793034,3.9990124543157366
2.633593836011178,2.8784173462796168
2.683545675826201,3.516092954435484
3.8779109855569716,2.636840552400768
5.112238563337112,2.462179146165271
3.063055690199741,2.2873639708101363
2.569764486861418,3.308213643177746
2.0516758758441687,4.482819085060864
1.9103880421420394,2.3520845766337404
4.9648820464941625,4.223495805839438
3.240391454547342,3.9401777832324987
1.627246581600212,4.0366388979102625
2.047317030447488,4.248228868528326
2.178618830063313,2.4399047500566917
3.6117525141947135,3.4543281462308526
3.0430207755813177,3.4451189445630064
4.034440177054854,2.4172909553749067
1.8490520711044216,3.2868696675051288
2.9442729055798584,4.206344109935132
3.4619550588543517,2.357207050859836
3.4426919911761926,4.978007348733317
4.902436029935131,2.2538073638728786
2.3687768039563144,3.0873594692332142
3.33497345958752,1.6030083756299696
1.5886269947018983,3.0405004329159544
4.057076941647423,4.234491784476304
3.63202845970935,2.5150331052086816
3.3998711716258083,2.4865056536084125
2.779358170487601,3.038007243976124
2.880999123657793,3.9178610462942176
4.755222015843179,1.919490960897138
2.94141597317635,3.5696514825734664
3.5232796350608866,4.869248524058616
2.229452993845663,3.7376734893963306
2.9304736885518707,4.841242487069431
2.5509301217905263,4.04246979418053
3.86387631686192,0.7976344767435677
3.4884493119467086,2.4853316484426187
2.334701593696477,1.8514379133219123
2.502185272022117,2.098778690411856
2.658600630811718,4.187692139667168
1.4604279389506996,3.858472527716544
0.7457987805733848,4.70196772785606
3.1102145965598678,2.2872316299362576
3.6601888216757152,3.7192916963175087
3.5545403837399663,2.4883739625772154
2.1805849638681782,4.655215402450512
1.738914156012431,4.54010139507314
4.046688311259258,2.5846282554112694
2.7912055278236463,4.312879259636139
2.1635840640194597,2.9574880564089887
3.926573971328871,1.9120796299139973
3.6387604171680517,2.534323271970114
1.861718947075379,2.2770324114692824
3.460843749997841,1.7104645612224811
4.6468771029124945,2.4728169457616764
2.445487005031025,3.3199308925863815
3.2331791732676822,3.8935051018873996
1.3470176189213479,2.287048451958389
1.8968348831485284,3.009883515287208
2.5875477963333666,3.7894972817270567
1.718974502271303,2.174453848081594
2.6185140804266354,2.3406489428153225
2.3840131739318258,1.8400742840456068
3.428061277171522,4.277374855802325
2.6326992814185295,2.45470022473894
3.727541337231892,3.943075438977262
2.748389740198724,3.174986062628058
2.6908918687790315,3.2583582749898636
1.9687253728255898,4.113733494834844
0.6918525485625708,1.4941733823952246
2.7961075551467083,4.590657515439987
3.7457876543938005,2.0254909813171516
5.003233831381433,5.020804826487431
3.802242873824829,3.2479381689329787
2.4460283242124623,1.783925000808862
3.980711370932382,2.4783209110632596
3.3002804257693494,3.8872704574260832
3.8042017323629773,3.039606716455346
1.242989263532344,1.9192840840841767
3.569493745258149,4.038570045104722
2.5173991087450056,2.3555216821195977
2.3240969432058867,3.1328694483235897
1.6421168517430889,2.493977560961931
3.109726979437832,3.5023330381935454
2.121667417000881,1.9390644483346748
4.595349855156207,1.2949947287694203
3.3759858532684834,4.550617956922279
0.7819915315384915,3.6852589747811413
2.2754060014719304,3.7190959982072345
3.7326184644602303,3.2196086125031425
2.7736019067725426,4.126576055525458
4.321244253908882,1.396092324807893
3.314615635099217,3.9052985450066617
1.2710169366411603,4.3541300806536825
3.3399426892364192,3.4771451434046705
2.6584147061667154,1.5927645552340637
3.226144368967499,1.9910378400950612
1.4371558725323,2.213562024603383
3.7722996162011357,2.923711579481192
2.954704192103091,3.2814626902904838
2.9331376735193806,2.3511682547534636
4.951053458095885,1.795161036164749
2.9046152573701685,1.879907254825111
2.575072232702367,3.38009141253391
2.686546755526963,1.9015437560581097
6.116775797308224,4.0237136562755
1.8155442187009434,4.13305721795572
4.59355675310019,2.629924419425845
2.683234877804608,1.4181242962708471
2.3248503910213096,2.289294041322679
3.54449372016641,2.3407791933833764
3.1665271779765547,1.5360020228169775
2.725467046323181,3.212492625712739
3.6209272571483284,2.493378806934964
3.4805987084865064,3.97547117513472
3.062326286968757,2.103011763768701
3.2656464543114367,2.888086203590976
3.8936040596968606,3.263268516354874
2.223990061212408,3.313509443339286
3.6372203567686676,2.5562100664703182
2.855142450147055,2.3647423488533943
1.878228624355505,1.5063501171601825
1.5885822718428233,4.829071846977717
5.096655785116814,3.9827050826480916
1.1977876142828614,2.6281375731427787
3.2157902817243156,3.7172349225431573
2.9217982319456253,1.2682672601513056
3.0807131591660992,2.7155728457203305
3.9236316828171107,3.2990422614710493
4.241100105949344,3.02149082574303
3.653132604948012,1.0132877432854688
2.8959957124317652,4.437112119131727
2.469865356233203,3.008535966486018
3.8063767486394884,3.575816011159796
4.386506758578442,1.3346813524951544
4.307139199807504,2.3778358222544194
4.628170385762094,2.720367184595786
3.1802734131394708,4.2963597798819695
3.3280655339722056,1.4128399952866066
4.289871458840476,3.6280247521425673
3.6171686128136162,1.9767312862368824
3.7252924516539516,2.241030481569888
3.6902091388034637,4.014976758376079
2.8236918039413794,2.5311047807553266
2.873522683897626,3.5645058493850597
2.9956229085274764,4.32053479931384
2.4497084230992376,3.3808661842987124
0.9440818580206383,2.1475893969067723
1.7452620692559342,3.5556591151596546
3.4175656717489833,0.9119763956797771
2.603361636461422,2.0335097868480965
3.910295110153411,1.7378358365296387
2.9960325364005653,2.8064256271058796
3.493348708225467,3.9137795729537697
5.379199678352324,2.780577655006809
3.5985123476165746,2.301630064043432
1.7510682733830245,2.9764594186451943
3.419379719036457,3.583246520068478
4.715082902080001,1.5012982926605214
4.563084453082875,2.308931337049952
2.0491806046045418,2.8754877351280137
4.323773258089579,5.053012733495532
4.26243891610943,3.049142441260634
1.603525650918965,4.469669652321947
5.2759846331581715,3.910279538132156
2.169438918889358,3.129162775157539
1.5107606116723897,2.164465091942362
3.4145891927707783,3.4665128823375437
3.418637208345543,3.045321363422078
1.6898878970883948,3.07467156544159
0.636921431241904,3.4635449882011557
3.5147127427376645,1.8064889656555336
2.4999068317530657,3.076508206798455
2.86005603516379,4.1375854404673245
2.337452683691533,2.2721175512454406
3.033145878147348,2.6568785182540644
2.945619448483991,4.585365401174991
2.386647850243364,3.5802940600499396
1.0794170126508345,2.7389461901440475
2.960301745431117,2.103032745782041
1.3570083638536328,3.9258003308094174
2.8307308399422655,2.6679424483008565
1.7110173684083414,2.347239397373842
3.1452900631973253,1.4246612955890618
4.611402651204101,1.95599178630828
3.7047310910390205,3.0304397021139517
3.10019891775378,1.3388754313996953
3.546764050660935,3.5606216940198534
4.231679440856329,2.822553167335097
4.089141403912754,1.6479127228325645
3.8555888192917287,3.0907578105198965
4.21097057184307,3.0389931446464225
1.3871483973936383,2.8216982208532686
3.087138596368343,3.057615879824741
3.6467317929414387,1.4712452368610829
3.348060719645136,3.937512158406884
4.325252041283791,0.5174953126590682
0.6788975690954504,3.8833196645502537
4.009258401642859,3.357706634023497
2.758846290335178,2.098504365230634
4.8481450581334204,2.621484155017695
2.0485555326337357,2.5376454649666544
1.5097328658854912,1.7512972014531056
3.100230977852409,3.5266772211673634
1.0270247788056142,5.610796160407741
2.918985771507323,3.9390331946700847
2.815028035305512,4.251460201728043
2.212853367060888,3.6196560241356224
2.4577817023270074,3.2565354412280434
2.8577121013567646,4.022813178243974
3.2957511480365733,3.5962439855552937
3.1494231905195678,3.122936026055229
3.1886140255451343,3.3251364367910727
3.949728241100474,1.3190374074657116
2.508022356788085,2.4515151135733353
3.6833452801446405,2.2050270014137183
3.6210512155905383,1.173669202992272
2.3994884808237074,2.5172237584397843
3.970514981339474,3.504169731094731
2.4989853253337886,1.8689882876915622
1.6994519834841697,2.317176892398571
2.14280038165365,1.5585296830938173
2.758263007762514,1.160154298372462
1.6366474696984292,2.9133754443427207
2.0766679769701084,2.2833655617047093
1.52634974432897,2.573559011299464
4.489935283204581,4.0680657924615495
2.167593647811703,1.7067888579275154
3.6517511394236672,3.3648138977975113
3.3646587369314944,0.9027291151093819
3.0449166653639184,2.3668840359061485
0.7977094235083655,1.6061188772670418
0.5954725277718724,4.51944641599037
0.1643562044525333,3.2542790412318334
3.1098716813966565,2.5248293822127814
3.601686397627181,3.607858965658596
3.0088565236797247,2.196671068359822
2.268267020918351,3.2015449027784593
3.642055885279511,2.755997144052634
3.6637774376661847,3.240359166781118
4.978472150321446,3.108930126086766
2.930386416695828,4.178756030365107
4.295585365563387,1.9930303165451875
2.47950072118712,2.110315580434607
3.7792902294628945,3.4261145372867445
3.807971644289057,3.6553101559012315
1.9139693492354302,3.374524892956454
2.8511297954874295,2.49216422524645
2.8266999942741498,3.925850467744701
3.3221430593871633,1.199616925826541
4.0588558953540375,3.0406612432664444
4.793450265653956,2.133695511572921
3.914198452134414,3.045362573230897
3.2444217153980155,2.4385983210424484
2.151182274385695,3.6646944132527564
1.9444508331167158,2.7096990462267616
2.6660438196567697,1.3816405021097493
2.4172724970970174,3.7758936102045784
3.6571125789835173,2.891520352847776
2.5231602336497194,3.574155506892806
3.6260838697516675,3.4146332494975127
4.6338246990234335,1.4789624478957348
5.3831572019664415,3.551770130137072
1.6227170677759524,2.0299353172832855
3.157003033019756,4.3714112159616425
3.338773293527793,2.6859037249849664
1.7442429054574669,3.032155930483583
2.1924302280101813,1.3691870602038665
1.8606150179847725,2.9905671680307764
1.4191835063821925,3.562135195128484
2.506588240499146,2.944096022077187
3.7224012361815166,3.0844131298978135
2.6402617861854276,3.7684925790364607
1.4768242577583344,2.9770882640062153
1.8569589870720267,1.4486201573950128
4.415505822594137,2.992121903232029
1.7869781105543208,3.463995305007238
3.076417863469021,2.260594841902596
1.9984455563409187,4.4990915959932805
3.0650982637952144,1.6623910012821832
2.0429895554755317,2.1368298099416996
2.1980987898301163,3.009574478098342
4.841358026051731,3.271713088024736
2.9652077712978677,5.0875262718386605
3.821495628497041,3.16114414890144
3.367057790438113,2.985439278092146
2.8704311551075197,2.128799837125763
2.430867140824505,3.8967751185951895
5.055409584983593,2.821205649810924
2.460652963698804,3.2764988291919983
2.817641002444627,3.145467201994838
3.4514300284832045,3.000053061297127
3.4149988808684255,2.3605465110972266
4.29815945925819,1.0291466511153766
5.535352436392614,4.037026573469071
1.8249741587577804,3.451875097967018
3.410599791608579,4.0359368338836035
3.012969110819221,3.229113586929327
3.5296835892551686,3.8747502160498617
3.7357578566255625,3.54380424870559
4.038227404813451,2.995530130286049
4.25700651723514,2.918564335076183
2.4859082414534766,3.3428288244025515
2.8327238104653647,3.3471103115668392
1.9292751020907648,1.4141379120592925
2.2519540462219036,1.5274493445681387
3.229431397994511,3.4948038030486566
4.144480546797401,3.6862970167787967
3.1765581728425345,2.9143193034892185
3.702739784225923,2.1297574867670632
3.4296359364942117,3.7855949417007335
2.793406664811712,3.829772778882615
3.807675479178214,3.2071675241598157
2.225228894365282,4.02634575179559
3.8952705190121035,1.9500844703097322
3.693703387350742,1.795896979326682
1.1710100276895536,3.7023412041940142
2.253904261133521,4.2975831635862605
1.4731837818335687,3.9843672545289923
3.8686976729059204,2.9615244317356977
2.4810067530184376,3.862918829306303
2.1261694483643896,2.0685258334082084
2.7653137234256193,3.2992466525885478
0.673362280793846,5.206667739625011
1.4501397989630327,2.7131363398452164
3.3271520579647462,2.8587300219166174
3.1549766145733753,3.0724327800855344
1.6547924280687683,3.8381169704154363
3.362377860848598,2.9049978600014033
2.023812244230171,4.137662659975035
2.4533538215020063,4.934300650107402
2.1922133615480552,1.6355947767258352
0.929472153290297,4.08027529533971
2.69408921300636,3.1877669803256206
3.623315581758414,3.3555658532449693
4.170948723741292,3.6295849020405155
3.1206045671056772,2.9501804443768336
4.435812488198975,3.393959084877189
4.177273224889584,2.0464788689175624
2.579858436003033,3.977753173218547
2.9563240258849515,4.802145769995399
2.3589134885732133,3.7487321019243756
4.257033690438798,4.248454422822183
5.0022176314319,3.4015146606764257
1.0254738119766165,1.9881052709697407
3.5772523604742186,1.5437457485729769
3.4645822575741736,2.661762329089833
4.212733912986345,4.261680265926283
4.8021884516498075,2.8980883556987207
2.8838661115422464,0.9950297054733221
2.3923089119123158,2.293157463863888
2.634365676255967,4.149804343105552
4.862277343928872,3.459184484624983
4.725201710890538,2.809598958628377
4.041707429763726,3.365855832222775
3.004449547183457,4.22740695779536
1.3598689808839097,3.591053881014525
2.7193453893991575,3.3457375191256755
2.591267973373473,3.024591834301312
2.4623375144179978,2.8090763639837246
3.8208687218394948,3.178541000758706
2.377071856144467,4.692616906671988
3.4688221933686973,4.701292523914834
3.2055350870738857,5.039221484417131
1.5228801462340265,2.974263255962479
3.414497180078059,3.3827135144589815
5.587710624156966,3.3308178707420586
4.762441481430492,1.508207930193359
1.7837054509879413,4.174322682065325
2.943310018964798,3.26229911077087
1.6955977845488963,1.9225635529214131
3.7548086467895487,3.6966386562489792
4.298389897310228,4.795274652140799
1.362801930341823,1.5612272193426986
2.89571363061904,5.361552447812277
2.3842564634332972,2.494851178523461
2.999132006311698,2.486134235504486
2.819607125030541,2.4884805687976943
2.3955955255528445,1.4861463562918473
3.262151436988797,4.706973534496129
3.0775375712605233,2.044153032631965
3.4210506399035676,2.002427266984815
1.8555181250023995,2.690283591119897
3.8635221885340014,2.42062360285014
4.457799260764723,1.6108056586246267
4.584171144548098,4.0109845799771495
2.6188906788938513,2.7426935816688474
1.9920017763628983,2.196639085915583
3.743612770768353,2.0653017889473473
3.883143213102824,3.6898230813142323
4.02057419237462,2.791142435462366
3.0150072121799303,1.8526275960400502
4.387854642405703,4.483718738103314
3.74389096411789,3.3529108414085536
2.890999461913668,3.5093901579983124
2.9712079345468188,2.433840443459057
2.8745718362360453,3.5153623856104863
3.5524932247193144,4.35704437676185
2.625921670533999,4.392951077660454
2.6883029120080377,2.054959113125559
4.387814726965787,2.697251776665187
1.4156552471592145,5.1968460320508
4.2233652934587465,3.5995898240536848
3.023519444161753,2.9744119347234923
2.572810593924209,2.9469597437436397
4.256651199593842,3.073420653200954
3.0156229009933937,1.3796321845640034
3.472273817225484,4.322774416507164
3.3818152864580955,3.3640573461983982
2.325722354860037,3.5961954271118968
1.5435032828981374,2.425081142953358
2.9905875826606794,1.215437537869029
3.9265795980533715,3.267968047714429
2.563624042119738,1.1794740037201144
1.5878645216482634,4.148087869965517
2.398567215612976,1.7463997741996273
4.145471177427743,3.8593612653598828
2.5136159284396054,3.7644607657645714
3.536558343732753,3.8883363039382806
3.2844753924461974,4.676909683808537
2.7471402363639847,4.768517787590687
3.2528645170080472,2.510102585629875
2.4887170022318594,0.9464074065302479
4.184970139725953,3.7531138741587178
1.634605924366606,3.218083095750254
2.803141096147223,1.3052113249082262
3.0796108116315826,1.038836439726422
3.4715092266049616,2.955781052027781
4.511213067716416,1.915337493859909
2.8679833084203112,1.2927234252453719
3.551571591670082,3.0418129797590314
2.357457690481623,3.494537565409196
3.5294260993669124,1.3003360795556294
4.381003646189319,2.4033717870404763
5.000269300220772,3.421441647111202
5.401396401560946,0.18235576365539874
2.994578692762232,2.6827861197223912
3.9868922447708073,2.4826691392183795
3.0430202855694275,2.3605094513712883
2.9147178929631634,2.9308383571306638
-2.8526388131500813,3.953252724976256
-1.2982007177953752,4.41454126559079
-2.236546609399256,2.558880047055303
-4.110508930486979,4.802735853221154
-3.2171154925194854,2.4799890450084305
-2.9546615860984558,3.9718137518441714
-3.536023195930849,3.4977836243919325
-1.8944831933988961,4.061220856689019
-3.4417624321695954,2.199195786156894
-3.642820158049587,5.479766759094435
-4.223442306363523,2.115275843432503
-3.2210366726452833,4.212950175913562
-3.930291986756603,2.5634560604265673
-2.212822385362977,2.8824775623789534
-4.223768474210775,1.515851269652285
-2.12491559625835,3.213679635643954
-1.2993368804609489,3.6093527280323237
-3.2256951194690706,2.465997364013807
-3.705680214182997,2.7634809573018813
-3.819069268166847,2.8512021625564987
-3.008950625178006,1.037043920124364
-3.287474082425364,2.7049594283684177
-1.1926090675192413,4.285994311733673
-3.5598232465748607,3.557811889891019
-2.560773490262429,3.492123146679296
-1.787548811649639,2.2304387245017994
-4.3246319121949455,1.6118059024539058
-2.8110676900014875,4.928076297440899
-3.6802069803234305,4.385727669176617
-1.5932453514516183,3.3379343784016218
-2.8745751773239703,3.521766927429489
-1.5449507961275628,3.2178787681245318
-2.400002667461261,3.910706599954965
-2.987370886135863,1.6614379771687533
-2.238812888369597,2.542688137826633
-2.3191154788391346,3.5047355198713093
-1.6522662065974427,1.9422854446633024
-3.99586360238747,3.906147967549186
-2.2716221185453653,3.7851320908213197
-4.1633630597953575,2.848643214581677
-3.8475416778613454,1.2890264971651584
-2.2257994704404602,3.886578080149316
-2.8254627244812855,2.987738635981929
-0.33551462876960025,2.2686373074328783
-3.8420605839761675,4.243984934822164
-4.115292057778143,1.708574741942234
-2.8787601105913843,0.799964872962232
-3.078461669529581,4.176931360910182
-4.182948932029119,2.443495443959523
-2.1052316328299887,2.025259882878697
-2.0762640844101723,2.4609560006352327
-3.2279046275244876,2.8183167488773146
-2.2234858943724447,3.4209622312338315
-3.479728878519121,2.5820045451598825
-1.6877092274806762,3.3484378973521274
-1.341437004338511,2.5765043487774677
-4.05788356121578,3.712230658350132
-4.607659302570028,3.5092483251198208
-2.5974595602335167,3.975685052770925
-2.663679710747806,3.499898218521011
-2.118301871775437,2.6587892530339
-2.862598250271337,5.486025212720255
-2.9240347055008438,1.4424760158697725
-5.181809492036925,3.79140198525024
-3.705819035798309,0.3216134822494472
-2.895441772870342,2.17459619174482
-3.674947481386749,1.6693268677884423
-2.1090023330573673,2.154069073299222
-2.868275671327643,2.817268084659226
-2.178409558807574,2.655485170868108
-2.887679158772876,3.2264288962237715
-2.9240782875916413,3.3466283271138626
-2.9672960178080348,3.827583446291481
-3.891347559831256,2.4028105569514
-5.766571119520621,2.5899092327284094
-1.2497488987185557,3.926986704649094
-2.7525570713127037,3.656451055603857
-2.7013931473195814,4.1840469153396285
-4.0304705026086936,2.3099146639709596
-1.8174447389614743,2.6992927732228296
-2.1664222288513635,2.2555259066077173
-0.9948852859319381,3.2925555851233748
-3.6531900399569315,3.777166300298575
-3.557025171740648,2.2463517067330407
-3.959209935527125,1.7893508719369458
-1.7722075906989838,4.039054052369311
-3.0647757758284966,2.659803008127452
-4.610740791790854,2.037738183417731
-1.708678823228089,2.8263056947601943
-2.537255677892973,3.0605961539577793
-1.8500507736569864,1.9191014816978513
-5.0516113694106535,2.786792253215367
-2.964577170539513,4.204920290725861
-2.971228987971843,3.3148378047991294
-2.2758017493247333,3.4117921120711925
-1.8897826171732122,1.016827342286544
-3.8728630542768188,3.603289217509765
-4.014884572963673,5.4258247330094225
-2.361453811207216,1.5844730440854142
-2.0364283195900423,2.593469699988165
-4.29086931969862,3.00360952171921
-4.265999024231595,3.443582380073838
-1.9232622906482426,1.672924103092535
-3.295027725359357,3.0569119621289533
-2.367226643094151,2.145420025936339
-2.6225561238501838,0.8810236142591781
-3.694811449071673,2.5612733213389007
-4.125336536732914,2.5749690118932187
-3.3417063010065937,3.0731485556121387
-3.4465481912066496,3.2401022064684515
-3.403826038839706,3.5150031277462217
-2.3875535234950105,4.102147261935066
-2.129963370573396,2.62346385777816
-1.362395797024835,4.753958358942617
-2.8008387753253228,4.097470404278084
-3.180079338939022,3.6284392466575035
-4.181390766646313,3.798964450043776
-2.178124216804087,2.429778336461282
-2.915469540306915,3.533144665646401
-2.3706206963424905,4.803578593446441
-4.088619422291999,3.113831902874084
-3.155670978840589,3.353431062041467
-2.693416489022726,2.5676752285993496
-3.1783565463732977,4.046719367678023
-3.40814015343227,4.039896322350696
-2.3569678442070066,2.3478375410432344
-3.1634649397692747,2.396348075860768
-4.653394833598874,4.029634841698727
-3.307570211582297,4.129060567018325
-4.030305766645949,6.018465521079402
-3.2916783391697266,1.875614407545119
-3.5195724962724233,2.9166641523447843
-2.2185033314448592,3.410702992465518
-3.9791827534528963,3.114407417254196
-3.2412902540826956,3.4759692581701978
-2.1668814752552663,5.283781677765052
-3.1909509738540245,4.469231906730926
-3.3802592264765323,3.940697618372528
-3.0294138981657364,2.87837502292691
-3.447299480390936,4.683749658081137
-2.7939485554517525,3.807443453125667
-3.8910406387672354,4.901714677166265
-4.086281845659895,2.1227132553860755
-2.937412056374301,2.9930155351861223
-2.326593277253216,3.2887026276572704
-1.2403687558907093,2.71170343390735
-2.1506859145583306,2.413489061041803
-3.2973750666125214,3.388830166640784
-0.9610297902324594,2.923011245069361
-2.8176397787745397,2.355541236057671
-3.5420951273038668,2.4768077778869437
-2.455039674055526,2.6608963543370026
-0.9264110730995516,2.611313137696072
-3.7420973661359285,2.9185359799169324
-1.7787356399138412,2.5223988756199107
-4.236256452711611,3.4769266210028857
-4.570403612212873,4.017332264322423
-1.7876657361518455,2.6359125965080006
-1.5451346026274235,2.3889654425055373
-3.075358540982954,0.6278754736684005
-4.496859969023464,4.4178096156444555
-2.6587346678225607,2.02722764895811
-3.6296487893398437,3.8773078552178077
-3.7329929696200406,2.0839372536515612
-1.4766878292482868,2.524302984603736
-2.6389465402181713,1.2923741522819496
-3.726600372848031,2.0400540582738
-1.853515678502817,3.3830279881060528
-3.371051720481467,1.1403131532197537
-1.6829425430596667,3.548948785659642
-3.569446845358637,2.289380692718363
-2.31844516475402,5.423339251980742
-1.116843861475127,2.4668311833870815
-1.3535451063075676,3.837826485344695
-3.2535174930027453,2.671400288112264
-2.8435486814784228,3.7945325482456997
-3.568967761629179,2.8947988725747527
-2.8535217316917665,3.4296888032081325
-1.409691044484678,0.7857899006695632
-3.382471807799899,3.468406379699012
-2.644107388059499,3.9721545192762204
-3.5405312274796135,4.361626689607094
-1.0887087514131524,2.925633705981449
-2.899898432420571,1.6566984394378388
-3.076823243606978,2.4687979941293676
-4.518445873369061,1.2257236259674111
-3.4879381498564266,3.530917683759438
-1.8566366693345107,2.14619840951318
-4.630528880305599,3.798639161323064
-4.052112248500726,4.357758423621774
-2.7040114064491503,3.346665989656796
-2.473900841608897,3.3452002240655623
-4.0398567471023,4.138920109021921
-3.9380475782997806,3.1997879713241546
-2.048833394512286,2.3319353701085177
-3.2853461543838187,4.059300772377531
-2.7381976843981723,1.898726074829859
-3.907826871730113,3.645147719343522
-2.604800335034588,2.892719830593422
-1.6801682614036468,2.9136932050718363
-3.4224470889262046,4.069143229525962
-2.445661751693571,3.977382313476508
-3.4902290986646536,4.606737993902715
-3.7743530917324613,2.4600395753218316
-4.667397086840915,4.5440346289235185
-3.410623339592992,3.294401978253346
-3.289481143925082,3.5544875056044143
-3.6425553315708425,2.3785484883414165
-4.701797767819458,3.708897038831546
-2.2142714660687566,3.074959848573656
-4.38637786127396,3.443385394585862
-3.409412983197927,3.110246664323312
-3.0981667443235077,4.331086066045732
-2.729777368053578,1.9992544557998608
-1.5734062087872975,2.885619359869056
-2.137901841273729,3.2479615687999597
-1.9552437250626253,3.0375689678388804
-2.093955071728475,1.723519691262103
-3.52218083335387,3.000138054386077
-2.3577762834306832,3.4646813466467306
-1.6150090419681509,3.488773224113711
-3.0299839374243773,4.196874518276835
-3.549719819154205,2.433779253671167
-3.0351449512809685,3.08144894165562
-6.342266376195083,2.911020869060322
-3.1349201775873827,3.7169031230049847
-3.242272835367884,1.5972475283127425
-3.5284191853034828,1.1615272185047103
-2.2089880859190827,1.8022530238118208
-2.9689074454366704,3.498511947231019
-3.311192460068974,1.365386967039325
-1.447775775082789,2.6840645960099687
-2.880194910840341,3.9489760314136384
-2.9899556569984194,3.2739891577872435
-4.897070677515912,2.5332623159952785
-1.4366054541758968,2.4084057963837413
-2.405353310234765,6.259080075368662
-2.9693531266648274,3.5768202342230557
-4.056890096185696,3.6965349230029885
-3.4787372392166582,1.4252123670565957
-1.9190975748502064,4.362228535227695
-3.004338097984432,2.9174511169435626
-2.663458742314439,2.356255869935648
-1.192727965326851,2.5984207152089214
-1.9580252326138163,2.7188684943689356
-3.8471560053853775,3.5300745020137314
-1.9822259647752487,1.7679083065837948
-5.010595647549991,3.3954902098825115
-1.9353207913385424,3.8782744308158676
-3.926211875633464,3.8642331093439513
-2.125279663805358,3.5399027761614383
-3.811622502327403,1.9914321547620126
-3.523020976037828,3.4446370580651324
-2.2975422828048035,3.5913171751479727
-3.8833488238451426,2.868673324802495
-2.380373422398291,1.4753015876232314
-2.403396822512117,0.07586615311672329
-2.19351507353364,1.8911701759401744
-2.933735562704802,3.644733766943893
-1.3829048363232552,2.0372914391435692
-4.530187375457589,3.122142440039911
-3.5909595953946423,2.0964139004946833
-3.11236876194334,4.400941729480853
-3.570432864530666,2.731498564354622
-1.5656005496326997,4.053491667824856
-2.6643650161528583,3.5575327061775184
-5.025967752451846,4.119857397168277
-2.7110395050868252,2.3681976611791686
-3.690547204593831,1.9846683876165634
-2.1555226722880767,2.4142916538629615
-2.5609575331840735,2.65152123800936
-1.7120387925600309,3.379820746792838
-2.5112655054757322,3.5422587836202295
-2.5864237531627245,3.767423490003355
-3.1695648679832717,3.273957398629436
-4.001566918592052,3.040223060206265
-3.0663685743658817,1.5679650269870558
-2.715516076074703,4.268113919132549
-2.3440897767815576,4.319891163044607
-2.150635823683614,2.3473526861951566
-2.1024337727684452,1.16023219695207
-2.631641463204131,2.0154871466705373
-2.5545099431050273,3.626488708293196
-3.9681025684369997,4.607024203668698
-2.4484374892598075,3.3870097776173234
-3.0946360617401782,3.321745625602291
-2.1349375404721926,3.053456985073586
-2.3109656307336492,4.222788611901818
-2.7970385906889135,1.6646125717709106
-3.3751993441838932,3.309604615113378
-4.197194963926281,2.358570240276795
-2.091106184256394,4.0124250577664355
-2.5624186550829036,4.8816178057453055
-2.3965077358564435,3.468630716365377
-2.918081558185059,3.9649754954358993
-4.4348025205193835,3.044576843330195
-1.9527995995015153,2.3900861086352685
-3.0710234076917002,1.4018531996714505
-3.246280086159714,3.6202380188705052
-2.3841654810605855,2.482378577217112
-3.664588610218432,3.194286431148124
-2.2209724236850747,4.198407877238755
-2.7043536832449884,3.2691980571515384
-2.758436719435164,2.098345153774965
-3.0657106033335584,3.9257045706959777
-1.7586823248110028,4.0568605012096315
-3.0353724837491494,2.9027715945623065
-1.5940917208028134,1.983588849450441
-1.3282628462057078,2.7189082395433704
-3.114718133377463,2.5450462896498696
-1.88790807026494,3.9044679265899345
-3.3840420485690177,4.017153876822942
-3.0386495347132336,2.7385734556243073
-3.044470288491484,2.5231878695857266
-3.100998136400366,3.8908329166757754
-4.055216617353711,2.8893115280089585
-3.8975977883658177,3.149683438869722
-3.5206414330654976,3.009925672756384
-2.583743402049168,0.6789925997503516
-2.6654483958361923,3.3391035734914163
-3.220426892210533,3.054357524377102
-2.7142138441396346,2.98980986031338
-4.572069959141906,3.1519335303299627
-4.601208837111217,3.7240688031169245
-4.406408535791604,3.149987707149552
-3.2106031390288052,2.1227449810514756
-3.349955423733282,4.223328015469878
-3.6313989402915796,2.9617817221973772
-4.267086704655504,1.911473906159123
-4.814509083143321,1.5648513975603515
-0.3908308404361409,2.2297338225686456
-3.0371809449957112,0.5763708664369895
-4.412475686625564,2.083516112455373
-1.1593979315842173,3.443774742440955
-3.2876516711407247,2.3853152971612674
-2.6722799514993585,1.952543353245092
-2.762487569615759,2.8164649063891223
-4.636739624608196,2.1646473760885936
-3.608884230393296,1.0448354460720783
-4.20121635508354,2.6134449590782904
-3.898084583458753,2.3685692460496806
-3.4146217890775494,4.930499795149555
-3.462813635929638,2.974938142843584
-3.2897211663752812,1.8504383771581483
-3.543048010263922,4.479717762522952
-2.871777361357797,3.061974767870161
-2.645964232483056,2.4353803265058542
-3.6873209193091285,3.052831455194229
-3.275946853987351,3.0504155357835243
-2.7441080099782162,2.9728151323867853
-2.7974922024778777,3.907021790958566
-3.1886353349466594,2.5917958660369855
-3.70152714745067,2.3718331125347603
-3.806492111715445,3.359624773373164
-3.585954047149289,1.650197049549082
-4.25570923701877,2.8563449407261285
-4.341588522337304,3.0343631235922928
-2.9055567520465955,2.3450383365458585
-5.2187122525998495,1.4621053878513064
-1.517818945139463,2.87422325319764
-2.887954445665331,2.7877015767810427
-3.022791799398302,3.3253001070122767
-4.679633241092571,3.551318162259252
-3.5362909800229136,2.6190433943301663
-4.810208768638672,3.762966567138406
-1.108012471135547,1.9858296036586243
-4.120515914495254,1.4270642699338243
-4.95886248235807,1.630169973539274
-2.573708204656976,4.842082007791043
-2.85422896715954,3.223739714402491
-5.4135336743540865,3.7511058844063356
-3.0653354590208295,1.8150918050886355
-1.2444542227537614,2.61341266750323
-3.541430000032489,2.23953225509163
-4.073679208222461,2.9307776036462094
-3.5565528641860906,2.85558216263652
-2.5637273578883635,3.3055482557715568
-1.29038594034429,2.288925070049161
-3.6243806227082045,3.0953012336087173
-2.320742080821214,1.8408774499813787
-1.922064217340171,2.5890413641955052
-2.7839107605749587,3.954279056990859
-2.025573266356755,3.9690279314882924
-3.7285892347904435,3.775609710532783
-4.047635580339681,2.891720876547218
-3.9578554432394486,3.912641482639711
-1.832420294541105,2.380082491733472
-2.8901803209024766,3.299370534452989
-1.9403430701058375,3.8644553335921743
-3.2181810044045305,3.04411561064255
-2.0304002849072433,4.733049041063226
-4.1202813377557685,2.3149592804609065
-5.9478040785307265,3.315320076726115
-1.915899592328763,4.500749516303144
-3.610590385147672,4.018565794144623
-2.3915301694911952,4.610982955023751
-4.640260374645,1.4770481248845824
-2.3954182368577848,2.597588057233388
-3.5388131578323074,3.8364825118238155
-3.780701131919112,2.362027519850374
-3.190613901943805,3.19636777268123
-1.253640917686696,3.060033606376501
-3.1645012315029883,3.7530576714539676
-3.1893757873766515,3.210244103111261
-2.796402967790136,2.2683727686956585
-2.222037413523127,3.2632920094245756
-3.990833128694769,3.010755922087994
-4.112270863192153,3.5577028436360245
-2.7443205538383175,5.099198212407904
-3.1473602399762868,2.9197277922936813
-4.12565900006499,2.389754119369065
-3.631858719874316,0.5301060266861324
-3.979297558082114,6.277626510387517
-2.7683539649185294,5.258961114546509
-3.8215279701308145,2.7638680307708894
-3.729938015170019,3.1378845604600225
-2.6859047669423766,3.397278815070097
-3.3950808164371216,2.692680559824403
-3.0670831692700387,2.4933791372363334
-0.7244050535099515,2.6187211999677493
-2.1486918696095976,2.270035559196282
-3.184088693254542,3.5780058364409553
-4.27074557529164,2.006325700098774
-2.5230398521032877,3.364989111284186
-4.331076033861761,1.634625004814396
-3.9702209132889448,2.3535576463189285
-2.3081303554675525,4.365740212632942
-2.347345663317377,2.4826958480671504
-3.6015579104264352,2.918536480379962
-2.449968942689722,2.5207327595270006
-2.6374943097943855,2.680137306470492
-5.315127303861891,5.364459044574405
-4.025955642261106,2.9516729114112343
-2.7956387098156896,2.4893228288336244
-1.9822801260481535,2.814436885451787
-2.2229133286461766,1.9570438344463685
-1.9223884989773214,4.908687035100408
-2.5289753651113354,3.2260803320159406
-2.244189489081395,2.747634142889073
-2.3720926524771198,3.2407386734747576
-3.409281697546257,4.102362743972278
-1.9619482880691597,2.608287556510585
-1.7154862362149834,3.436004871114229
-3.023316216044489,2.9422355540618894
-1.2772034429167032,1.657750080682987
-2.9410815364308758,1.731657930505021
-2.479981645992733,1.6610929892162332
-3.2237631086458216,1.511217841662686
-3.9316538350189187,3.1998822822430277
-4.452119523705209,1.4927010572288493
-0.8866675755732683,3.56384094985358
-2.413252786276586,2.984243576484901
-3.685150390069738,2.177802158692268
-3.8392904463215394,0.9645781755787803
-2.8217115102837353,1.8759835793095856
-3.4712163819117685,3.963260149287525
-1.8255811210280346,3.9357397543899375
-2.662269124081455,5.204201982948877
-3.624230147729871,2.8746335279788875
-1.795171946597417,2.2212541503116037
-3.438626378447668,5.108733728286117
-1.9439650957552064,2.678220918150665
-4.071679467908998,0.3760785148587358
-2.3917302166422214,3.1499402128457765
-4.063487351018894,3.9023048159129052
-2.6568104372410954,1.4047523931068937
-2.777753073491755,3.4179356427479197
-2.315448731050183,3.0306541071124338
-4.78451383445413,3.0580869891099063
-2.85126991396263,1.5569115222643148
-2.1585011483416014,1.4251647963060163
-3.856388554074723,2.90170684061106
-3.2973244846791223,2.5107366166084915
-2.4922500592366186,2.52837547851858
-3.2602029672020127,2.0364799713185118
-4.577445691055061,3.0891126493144174
-3.2581200823631518,0.7440192592893773
-3.797214424173802,4.160617695013768
-0.8361178742251765,1.4412173535000807
-1.7684778102932983,2.994481997759356
-1.3481287604399135,3.374096358248478
-2.5709106640067643,2.3060706999104212
-3.4707256077494013,2.642227686338061
-3.330044311242055,3.5888850033728597
-1.467786747048297,1.6748125692122997
-2.806555923922605,4.814809954742444
-4.083853328761365,2.881322090126233
-1.4329958346782208,3.1893357815202763
-2.8248240296348737,1.579021397932501
-3.217827518977371,2.0818749359591964
-2.840656298747844,4.062552782613875
-3.9669574233321123,4.444203115600457
-3.77995754539993,3.508048549846151
-2.976412407492518,2.540737101920084
-4.085672231417571,3.8904726391648947
-3.946328272101689,2.885679307929379
-2.954457905482308,4.012236126108663
-3.3152212420905247,2.052755303206068
-4.120481877673592,3.4052617793003694
-3.478051285410481,3.29726652068237
-2.9408961689658026,3.6841755184197673
-2.391174954245698,2.744415252969447
-3.0945212746076356,2.472747127286257
-2.1394027374326674,3.0699295316145583
-2.9225434983218483,4.165634649113483
-2.4365079111382766,3.148541362062371
-5.484847802336507,2.6122366100925447
-2.43105596718774,4.695271982313454
-4.729851749606464,2.516315760616255
-3.716909154613652,2.3427258554512016
-2.4305988097004563,1.8931354304976635
-3.755007564390987,3.001833962803441
-2.907892213489442,1.7769624949501004
-3.643430038827331,1.7204005027846978
-2.359398848153727,2.7720337682150857
-2.6699910658421055,3.9426571390562613
-2.8968233721351786,3.252620812861564
-2.190673252770916,2.9624556172420236
-3.9227587198160654,3.2428643029434236
-6.137978422115371,2.21873681003958
-1.9717556240067615,2.762987503140327
-1.5952489179575449,1.7920311263972852
-2.0575002896232424,2.7865424956864713
-3.442492817916583,4.844448900675272
-2.10262196143834,3.0515812834930487
-3.9531745061174517,3.2450244518888467
-2.01538274902427,2.746691558028225
-3.5763801486094455,2.97404722691844
-5.7894697942458055,1.9857021951127316
-3.2817299145058056,3.3421315054588665
-0.6905571430179487,2.58506201615625
-0.9081608852194605,3.981426687106631
-2.2918169261522316,4.200107060197887
-1.8998192848888968,1.674865360544899
-4.098238894243742,4.645015210646579
-4.6545632886488315,3.6336880250178667
-2.203341833663683,3.1329948146925344
-1.93319368297302,0.4444656890325853
-3.014990510099017,2.104834560233517
-2.575751792974135,0.9811042887115868
-2.5269033587040517,1.8442371489650822
-2.286464016766754,1.5200976404613706
-3.5474104967892948,5.969074200702481
-4.5965730797304625,2.788512963000587
-1.329375920146827,3.9495594479072
-4.577799386931208,2.1643520123708333
-3.969225192637892,2.890656427509001
-2.772511554749741,3.181039994803716
-0.7475386707023959,2.348035813280247
-2.3274757230490426,2.915585328688599
-2.4772661052359326,2.904479916877802
-4.472433772016194,2.464508392659204
-2.0737246653189048,4.202628802977934
-3.3919539871939612,2.3147031039739496
-1.733037765842042,4.186101041346394
-1.4558689224381351,1.746829450478312
-1.8564643415864879,2.2867590900341597
-1.1216131792529207,4.165961136836022
-1.0307738293344433,2.630954170447776
-3.13044089362458,4.042036831596124
-3.888067696891801,0.5948396010709005
-2.238264730371168,1.1375685506544686
-3.353800251020922,3.4266301931402015
-4.2799640764924005,2.1143788987408207
-2.8320782764930805,3.325697129200103
-3.9206233383820086,1.7932050385747063
-1.9701057605648937,2.4330169287688044
-2.869238075715226,2.5042800550964914
-3.4923753355745286,2.8013024891424245
-3.7681363384324706,4.834904033951936
-2.1832943819280426,2.975778788163987
-1.929089531155174,2.9382835999023906
-2.328057032179016,2.777524124320506
-2.9159704993616633,2.8844032826654535
-2.8732769640322298,3.014917616367581
-3.338823097259153,4.0858038582975675
-4.208339912693614,2.6220866828954126
-3.4280250488152317,2.667041208940844
-3.2309613146356093,3.5973743587553835
-4.02758436575578,3.351757693312251
-1.5737358471561913,3.19048468394882
-4.00036140262128,3.099504552915378
-3.4631235129287554,0.8371189992209689
-4.895482791951626,4.844533085451678
-4.459883120025609,2.5327958007812508
-3.522181335524099,1.5961653414772838
-2.258414033940589,2.425424223615954
-2.9513150769677745,1.561028903963656
-2.37323335877582,4.431167169279232
-2.9939518354946353,2.634058878502524
-2.647557650155746,2.68237255188623
-4.550803096865746,3.1712238649219793
-2.9739503639947427,4.738574792506564
-3.3035395867930637,2.0114487983185843
-3.596111901098877,2.812445207247046
-2.8157453853316907,5.087769616859624
-3.2450263096285776,3.7424342803277963
-3.97567538825636,2.537681856788727
-3.5169127569585523,3.904237670853189
-3.9749203521644607,2.4228553391256598
-2.688721820545521,3.4320022605497575
-2.8788686894164788,3.0394185531704347
-3.1328227770129153,2.43847772289298
-3.4614391922912167,3.978517139672795
-3.5651858618082874,2.9622832440274776
-2.2797665057939818,1.235068507874988
-2.343094849044232,3.107916722412641
-3.995672217124487,3.7586042377109528
-2.267415681747406,4.50321877097382
-2.9363809102687495,3.451390160282103
-1.6277961847013287,3.709819014211996
-2.277068668390064,2.8194465577944965
-3.769705842884122,2.928148074150541
-4.7056403931413096,3.1293714902449
-2.835913409123649,2.28518292016713
-1.7327923417903288,2.9349336751603627
-3.8078052886435474,3.1568197938300275
-4.513795745915884,3.833947154092122
-2.839891939150219,2.768270363860111
-3.395904502152528,3.6239370834872506
-1.4184813164593386,2.828936210300448
-2.397960124546665,0.7934500858808327
-2.633722975563992,2.6766095928849865
-3.1856714568462206,3.8230374310863007
-2.481603008435692,2.335460794898423
-1.9540335719762356,2.764264861806448
-2.4811134390396736,3.4124671733379195
-3.094274344311235,0.37588766001151575
-1.4079246974271726,2.3027675127781126
-2.9416612186117512,2.5650831014831135
-4.530045875505269,4.071484553956751
-4.290671398648859,2.0863230070168033
-1.3899266089308284,3.9749521622860424
-2.4774497803821958,5.497961950516066
-1.0946102935029818,2.1274193276248194
-2.299261524677121,1.7595977808309826
-4.755549657570975,2.9750671219037694
-2.687681152200482,1.9042937130882491
-4.873268337334538,2.8636613717231425
-2.9212795101086035,1.7613229214405353
-2.240200837855332,3.1346333907428163
-4.133908292565799,3.9244784095741476
-1.4934729172591608,2.566465641903036
-2.330241891307839,1.855609360178071
-2.5392241527513235,2.3918278420888655
-2.5773559907230794,2.0091873353367196
-2.004802070074663,2.663479951217255
-3.4006219587435966,2.6848089036427822
-2.1223557849192876,2.640027095069165
-3.8400079854662783,1.7449685812407472
-3.77103758413551,2.3320537035463684
-1.1037203267909803,1.355173078737251
-1.4899900722953145,4.909928385065148
-3.5821715612974527,2.6010870699731123
-1.2513044643602407,4.113454477679017
-4.4311546284758325,2.02285373358034
-3.013215263548869,3.738880986610442
-1.8946977608930793,4.09070912473758
-3.391991604261989,3.4431181419832573
-1.051317184241141,2.1740305791365984
-1.2539422010339616,4.136066173609331
-2.5474715144962077,2.3677925116223153
-3.7659267531094924,2.2034362368774887
-2.8709380845276753,4.931224750251587
-2.9549873069503025,4.403354077315459
-4.612618829662791,2.8247775054338464
-3.4001074662284787,3.6259047912078817
-3.772945422620913,1.4436750295601244
-2.5401489618614668,4.262739476825242
-2.3067418239267363,2.09649854612274
-4.014154967688779,3.760327405129257
-3.711484563861705,2.7629667666925193
-4.1807296642350416,1.198028467045278
-3.0347448823597873,1.4787774966539218
-2.0697714060130403,2.668692323785257
-0.28091216076576764,3.9355598485347887
-3.8670294678277175,2.873724607719251
-3.8696113478587106,3.075650816425431
-3.307271145709577,3.638199078366387
-2.8359015319558942,2.209418945162768
-2.5859092217783353,0.6658612921346245
-2.9554540071513484,4.34101606661711
-4.814759200948671,2.7749546544242527
-4.832162267235704,1.2150311428159688
-4.150856029329733,3.5803121720890303
-3.8381692975388386,2.003970310695892
-4.372134361076332,1.2612453057713804
-2.211743896814091,1.041868298685682
-3.21851644040757,3.3561440134076124
-3.6312550933346035,3.975527549802171
-5.206316058168222,4.778164142966377
-3.5966630645147886,3.382658130431783
-2.647879487270276,2.90690978325743
-2.61248200257548,3.006011320368384
-3.5576977204153426,3.275843140522696
-3.0801708442603015,0.8937819333425963
-4.243833402053508,4.016085817103818
-3.7250470715217476,3.72471306866516
-3.039840215701794,2.834241586715867
-4.951235165468942,4.1713655029089365
